20 10001005
20 10085004
20 102491009
20 102564009
20 102565005
20 102608004
20 102911000
20 102938007
20 103281005
20 103298005
20 105981003
20 108367008
20 110288007
20 111224002
20 11381005
20 118930001
20 118940003
20 119416008
20 124042003
20 12441001
20 125610000
20 127354003
20 128601007
20 128605003
20 128609009
20 129859006
20 129899009
20 131053002
20 131078003
20 13164000
20 13481000168104
20 13543005
20 13644009
20 14304000
20 14351000168102
20 14669001
20 15188001
20 15203004
20 15336001
20 15611000168108
20 16001004
20 160591008
20 160685001
20 161156004
20 161722004
20 161833006
20 161876008
20 161968007
20 162020001
20 162308004
20 162315007
20 162351000
20 166603001
20 166702002
20 177241000036105
20 1806006
20 18156008
20 183202003
20 186748004
20 18718003
20 19155002
20 191736004
20 192085004
20 193000002
20 193031009
20 193570009
20 194828000
20 202484005
20 202490009
20 202609006
20 202617003
20 209777000
20 21290011000036109
20 21304011000036105
20 21317011000036101
20 21395011000036107
20 21465011000036101
20 21499005
20 21540011000036109
20 21589011000036108
20 21605011000036100
20 21624011000036105
20 21676011000036101
20 21678011000036102
20 21747011000036106
20 21809011000036108
20 21814011000036109
20 21839011000036103
20 21911011000036104
20 22095011000036109
20 22193007
20 225005002
20 225013001
20 225460000
20 225473001
20 225482007
20 225508006
20 230490003
20 230645003
20 230736007
20 23388006
20 23520002
20 235594008
20 235999009
20 236071009
20 236632007
20 237602007
20 238539001
20 23919004
20 239725005
20 239873007
20 240014001
20 240015000
20 246682000
20 246975001
20 247355005
20 247408001
20 247412007
20 247761005
20 247806005
20 247994001
20 248223005
20 248234008
20 248256006
20 248268002
20 248422003
20 248493003
20 248581005
20 248648003
20 248653008
20 248657009
20 248966006
20 249366005
20 249477003
20 249544004
20 24982008
20 249903005
20 249912007
20 249916005
20 249931001
20 249985001
20 249990003
20 250991000119100
20 251377007
20 253522006
20 25458004
20 254935002
20 25701000168107
20 262966007
20 26677001
20 267073005
20 267076002
20 267078001
20 267728009
20 271584002
20 271585001
20 271596009
20 271599002
20 271771009
20 271795006
20 271873000
20 271951008
20 272022009
20 274135002
20 274141009
20 274646000
20 274665008
20 276294005
20 276444007
20 277890004
20 278286009
20 278999000
20 279028009
20 279043006
20 279063004
20 279093005
20 281794004
20 282198006
20 282475008
20 282872002
20 282926000
20 282937004
20 282966001
20 283050005
20 283121001
20 283416005
20 283902008
20 284136008
20 284146005
20 284149003
20 284252000
20 284977008
20 285305004
20 285397001
20 286387000
20 286651000
20 287046004
20 288225004
20 289001005
20 289621007
20 289669005
20 2922011000036103
20 2940011000036100
20 297144002
20 298170003
20 298203008
20 298240000
20 298241001
20 298751004
20 298870001
20 298941006
20 299110002
20 299377003
20 299933002
20 300043006
20 3003011000036100
20 300439004
20 300650009
20 300888008
20 300895004
20 300956001
20 301026000
20 301657001
20 301660008
20 301717006
20 302188001
20 304297005
20 3066011000036105
20 307074005
20 307077003
20 307413004
20 307731004
20 308909003
20 308921004
20 309256001
20 309257005
20 309838005
20 314642004
20 314983004
20 315642008
20 31645011000036106
20 3191011000036109
20 31911000168108
20 32402008
20 32972011000036104
20 332982000
20 3475011000036104
20 34789001
20 3481000168101
20 35064005
20 35209006
20 3527011000036101
20 3563011000036102
20 3589011000036101
20 361122008
20 361138002
20 36163009
20 363058009
20 363406005
20 363499005
20 3659011000036102
20 366979004
20 3702011000036109
20 3716002
20 372283008
20 37340000
20 3736011000036100
20 37567005
20 37703011000036109
20 37714011000036108
20 37787011000036104
20 38013005
20 38181000168109
20 386805003
20 387801000
20 38936003
20 3934011000036103
20 39423001
20 39592011000036106
20 39651011000036100
20 39701011000036102
20 397541004
20 398114001
20 398151007
20 398152000
20 398979000
20 399044006
20 399068003
20 401269004
20 40144003
20 402234004
20 40445007
20 40739000
20 409589004
20 4106009
20 414469009
20 4156011000036108
20 415692008
20 416675009
20 41931001
20 419511003
20 41982003
20 420990001
20 423052008
20 42345000
20 423849004
20 424131007
20 424372002
20 424582000
20 425772008
20 426120002
20 428281000
20 428724006
20 429360005
20 429661002
20 4308002
20 43364001
20 439953004
20 44018007
20 440630006
20 44169009
20 443120002
20 443694000
20 443798008
20 443892003
20 444003007
20 444312002
20 444702007
20 445197008
20 44564008
20 449618007
20 450316000
20 45291000168107
20 45534005
20 46040000
20 46206005
20 473008002
20 47401000168109
20 48661000
20 49563000
20 49601007
20 4969004
20 50415004
20 50829006
20 51590001
20 52072009
20 52526003
20 52754008
20 54020011000036108
20 54150009
20 55222007
20 55260003
20 55891002
20 56018004
20 56273005
20 5662003
20 56925008
20 571000119103
20 58901008
20 59026006
20 59781000168101
20 59976005
20 6020002
20 609410002
20 61462000
20 61777011000036104
20 6211002
20 6285003
20 6389006
20 63901009
20 64206003
20 64379006
20 64531003
20 64766004
20 64779008
20 6496011000036105
20 66383009
20 67015007
20 67362008
20 68172002
20 68449006
20 69215007
20 69322001
20 69821011000036104
20 69867011000036102
20 699262001
20 699302001
20 699368004
20 699376002
20 70270011000036104
20 70323002
20 70346000
20 71262003
20 73442001
20 7393007
20 74732009
20 7501002
20 75183008
20 75408008
20 76376003
20 77426011000036108
20 77442011000036106
20 77981007
20 79012001
20 79015004
20 79395009
20 7973008
20 8009008
20 80515008
20 80585000
20 80954004
20 80967001
20 81308009
20 82297005
20 82470000
20 82639001
20 82883008
20 83156004
20 83225011000036106
20 83901003
20 84114007
20 84480002
20 85828009
20 85898001
20 86094006
20 89419008
20 90128006
20 90834002
20 923927011000036105
20 93478000
20 95319004
20 95320005
20 95453001
20 95570007
20 95655001
20 95673003
20 95677002
20 9829001
40 102572006
40 102598000
40 102617004
40 102897001
40 105504002
40 11072008
40 111516008
40 122481008
40 124055002
40 128239009
40 134407002
40 161903000
40 162221009
40 165509000
40 166584001
40 17369002
40 17971005
40 18101008
40 18165001
40 202472008
40 202852009
40 21005005
40 21238011000036103
40 21290011000036100
40 21296011000036107
40 21322011000036108
40 21486011000036105
40 21659011000036107
40 225549006
40 225581002
40 225601007
40 228148009
40 2297011000036108
40 233604007
40 23502006
40 239965002
40 246676003
40 248262001
40 249898006
40 249902000
40 249914008
40 249917001
40 249918006
40 249940002
40 2531000168109
40 26171000168109
40 262558009
40 26413003
40 266257000
40 266599000
40 266601003
40 267038008
40 267045008
40 267079009
40 267950000
40 271137009
40 271713000
40 271737000
40 271787007
40 271834000
40 271835004
40 27355003
40 274667000
40 2764000
40 279069000
40 284143002
40 284151004
40 284262007
40 285395009
40 285849008
40 286369003
40 286381004
40 286755001
40 287045000
40 28743005
40 288332005
40 288335007
40 29164008
40 2929011000036108
40 299954009
40 300381009
40 300955002
40 304534000
40 307496006
40 30811009
40 309249007
40 310495003
40 31384009
40 31681005
40 32970011000036103
40 33308003
40 34839011000036106
40 3545003
40 35678005
40 35918011000036106
40 36630001
40 367466007
40 370143000
40 371081002
40 371632003
40 373932008
40 39621005
40 397803000
40 399269003
40 40095003
40 40196000
40 40806005
40 40930008
40 415749005
40 41652007
40 418648005
40 419076005
40 420103007
40 421262002
40 4230011000036107
40 424196004
40 4249000
40 426965005
40 427475007
40 429340002
40 429513001
40 43005009
40 44186003
40 4422011000036109
40 444899003
40 445178008
40 44548000
40 449614009
40 45979003
40 46991000
40 473011001
40 52448006
40 56317004
40 59927004
40 60728008
40 609599003
40 61387006
40 61599003
40 67233009
40 68235000
40 70076002
40 70153002
40 75088002
40 76000011000036107
40 77422011000036109
40 77547008
40 78584011000036106
40 78860006
40 81498004
40 81680008
40 82272006
40 83421005
40 84946008
40 91019004
40 95359001
60 101000119102
60 102498003
60 102943000
60 103002009
60 10743008
60 118932009
60 12584003
60 129103003
60 130989002
60 13746004
60 1402001
60 14151009
60 161898004
60 162116003
60 16269008
60 165232002
60 166848004
60 167232003
60 18193002
60 202482009
60 202855006
60 21134002
60 21252011000036100
60 21286011000036106
60 21520011000036107
60 21606011000036107
60 21662011000036107
60 21821011000036104
60 22325002
60 224962007
60 225610004
60 22631008
60 236423003
60 237130006
60 238131007
60 239720000
60 247464001
60 247472004
60 248132003
60 249472009
60 249489001
60 26237000
60 26889001
60 271767006
60 271801002
60 274676007
60 275921007
60 277223000
60 279084009
60 280816001
60 282180007
60 299037003
60 299322007
60 301679006
60 30473006
60 308925008
60 309557009
60 310501001
60 315224006
60 3210011000036104
60 3253007
60 32643011000036106
60 32798002
60 34095006
60 3572011000036102
60 361137007
60 36971009
60 371405004
60 397540003
60 4138011000036106
60 417237009
60 424647005
60 429040005
60 42984000
60 43498006
60 445445006
60 44695005
60 448589005
60 46635009
60 4740000
60 48926009
60 52702003
60 53741008
60 55350005
60 609600000
60 61372001
60 6205011000036102
60 6206011000036109
60 64226004
60 67251005
60 68566005
60 69813011000036107
60 698247007
60 7006003
60 7011001
60 80182007
60 82423001
60 8392000
60 90446007
60 95418008
60 95421005
60 95847005
80 116289008
80 11654001
80 12063002
80 125667009
80 161874006
80 162043005
80 21433011000036107
80 21719011000036107
80 225014007
80 23056005
80 236620008
80 247441003
80 247753000
80 248236005
80 249915009
80 249938007
80 258155009
80 267064002
80 26929004
80 271870002
80 275319005
80 281016006
80 281245003
80 284140004
80 287047008
80 288227007
80 288885009
80 299042006
80 299060006
80 309087008
80 309536001
80 314109004
80 32398004
80 373931001
80 39400004
80 396275006
80 397825006
80 399114005
80 399122003
80 40733004
80 418092006
80 428061005
80 43116000
80 432352001
80 444827008
80 48532005
80 50219008
80 53430007
80 53523011000036100
80 54586004
80 56731001
80 57406009
80 59050008
80 6471006
80 72405004
80 73589001
80 75694006
80 76742009
80 82971005
80 83547004
80 87486003
80 9126005
100 193093009
100 202480001
100 21343011000036103
100 21545007
100 24199005
100 247323005
100 247347003
100 248491001
100 267949000
100 267953003
100 271594007
100 274279008
100 274663001
100 282195009
100 297217002
100 298753001
100 301202006
100 3298011000036103
100 363346000
100 36955009
100 386806002
100 405729008
100 419145002
100 419581008
100 47004009
100 47268002
100 55145008
100 70733008
100 77461011000036109
100 80690008
100 84017003
100 85418005
120 102480002
120 162352007
120 165247006
120 18876004
120 195967001
120 197321007
120 21496011000036106
120 21779011000036103
120 248096004
120 249913002
120 250082003
120 262286000
120 271832001
120 278528006
120 279038004
120 288230000
120 309538000
120 309539008
120 3530011000036104
120 3559011000036109
120 420038007
120 4216011000036104
120 426899007
120 4344011000036106
120 44054006
120 52613005
120 56608008
120 62476001
120 86651002
120 8708008
120 89362005
140 162290004
140 162397003
140 166892002
140 213257006
140 21565011000036108
140 225624000
140 23924001
140 248277009
140 250069006
140 267039000
140 288228002
140 300306001
140 3424008
140 398032003
140 43724002
140 449918009
140 57182000
140 8510008
160 16046003
160 202882003
160 203095000
160 225609009
160 240131006
160 267044007
160 288226003
160 288939007
160 289195008
160 29542008
160 3080011000036109
160 309086004
160 309537005
160 310497006
160 34436003
160 36349006
160 386661006
160 39575007
160 415690000
160 42399005
160 69791001
160 90708001
180 161873000
180 16386004
180 16973004
180 214264003
180 238810007
180 297142003
180 301676004
180 38341003
180 429783005
180 48500005
180 53215011000036102
180 53458011000036102
180 6142004
180 69896004
180 77436011000036106
180 84445001
200 128139000
200 16331000
200 166717003
200 230145002
200 249966004
200 2733002
200 282299006
200 386692008
200 418363000
200 425423002
200 49727002
200 55533009
200 73595000
200 79890006
200 87715008
200 90560007
200 931804011000036107
220 161882006
220 166643006
220 200936003
220 21288011000036105
220 26329005
220 285365001
220 286641001
220 289903006
220 309521004
220 32914008
220 36031001
220 39104002
220 431416001
220 77692006
240 162031009
240 21885011000036105
240 24184005
240 4171011000036100
240 49049000
240 78514002
240 9991008
260 102551008
260 230690007
260 24700007
260 247640008
260 267032009
260 302226006
260 34840004
260 80313002
280 166830008
280 21242011000036102
280 250084002
280 271782001
280 37796009
280 386033004
280 426206001
280 67849003
280 698065002
280 74323005
300 21417011000036105
300 235856003
300 40917007
300 45352006
300 53057004
300 86044005
320 18963009
320 277521002
320 367391008
320 60862001
320 65124004
340 21930011000036101
340 73211009
360 24693007
360 288231001
360 387603000
360 422400008
360 60238002
380 247373008
380 26079004
380 60119000
400 267052005
400 289530006
400 4031011000036106
400 55929007
420 267031002
420 267036007
420 56265001
420 8357008
420 8943002
440 124054003
440 248255005
440 386705008
440 418290006
440 54981004
440 77435011000036104
460 21522001
460 248274002
460 60032008
460 63102001
460 90673000
480 131148009
480 300954003
480 301345002
500 102556003
500 271587009
500 282145008
500 399153001
500 44077006
520 162059005
540 271807003
540 28551000168108
540 80449002
540 95891005
560 51197009
600 29857009
620 3848011000036104
640 247592009
680 129565002
680 248490000
700 14760008
720 279039007
720 48694002
740 246636008
740 386807006
740 82991003
760 224960004
760 419723007
760 88092000
840 77424011000036100
920 22298006
960 278040002
960 3904011000036106
980 81680005
1020 3723001
1060 309774006
1100 47933007
1140 271681002
1200 45326000
1240 3384011000036100
1260 30989003
1260 422587007
1280 228158008
1340 404640003
1400 49218002
1420 193462001
1440 48167000
1460 26544005
1460 449917004
1460 62507009
1500 62315008
1680 10601006
1680 161891005
2140 13791008
21460 3877011000036101
2300 25064002
2360 162076009
2380 35489007
2720 57676002
2780 55300003
2800 84229001
3900 76948002
5300 68962001
7420 22253000
